              precision    recall  f1-score   support

           0       1.00      0.82      0.90       171
           1       0.73      1.00      0.84       171
           2       0.70      1.00      0.82       171
           3       0.91      0.91      0.91       171
           4       1.00      0.82      0.90       171
           5       1.00      0.82      0.90       171
           6       0.95      0.86      0.90       171
           7       1.00      0.69      0.82       171
           8       0.86      0.84      0.85       171
           9       0.85      1.00      0.92       171

    accuracy                           0.88      1710
   macro avg       0.90      0.88      0.88      1710
weighted avg       0.90      0.88      0.88      1710

              precision    recall  f1-score   support

           0       1.00      0.89      0.94       171
           1       0.80      1.00      0.89       171
           2       0.68      1.00      0.81       171
           3       0.95      0.94      0.94       171
           4       1.00      0.88      0.94       171
           5       1.00      0.88      0.93       171
           6       1.00      0.84      0.91       171
           7       1.00      0.81      0.89       171
           8       0.97      0.87      0.92       171
           9       0.90      1.00      0.95       171

    accuracy                           0.91      1710
   macro avg       0.93      0.91      0.91      1710
weighted avg       0.93      0.91      0.91      1710
